6683  0
12112  0
12151  0
12144  0
12151  0
12146  0
12138  0
12159  0
12140  0
12138  0
12146  0
12143  0
12147  0
12147  0
12137  0
12165  0
12141  0
12098  0
11489  0
12137  0
12138  0
12147  0
11609  0
12146  0
12148  0
12137  0
12141  0
12150  0
12147  0
12140  0
11375  0
12143  0
12143  0
12144  0
12066  0
12141  0
12147  0
12144  0
12144  0
12147  0
12143  0
12151  0
12143  0
12146  0
12143  0
12148  0
12146  0
10912  0
12146  0
12138  0
11984  0
7466  0
12138  0
12141  0
12137  0
12119  0
12131  0
12166  0
12128  0
12129  0
12141  0
12129  0
12122  0
12132  0
12125  0
6625  1
12125  0
12135  0
12126  0
12125  0
12135  0
12134  0
12125  0
12134  0
12122  0
12141  0
12131  0
12131  0
12141  0
12134  0
12128  0
12141  0
12007  0
12135  0
12001  0
4379  0
12135  0
12138  0
12132  0
12143  0
12113  0
7932  0
