0.00
10269.24
10357.39
10240.35
10409.64
10344.01
10284.86
10353.70
9569.60
10206.26
10223.30
10213.42
10244.20
8908.10
10126.97
9917.16
9947.07
10026.49
9371.78
9978.97
10069.47
9972.61
9929.91
9064.89
9881.44
9790.82
9778.18
9846.00
8942.00
9796.80
9773.04
9790.81
9786.76
9781.38
9816.05
9878.79
9803.31
9698.53
9428.27
9789.23
9812.58
9912.16
9787.48
9796.09
9860.95
9876.06
9818.88
9869.91
9860.78
9788.78
9885.66
9884.26
9818.66
9885.81
9827.23
9878.62
9896.89
9752.85
9371.27
9803.90
9876.19
9819.42
9881.59
9795.30
9878.12
9809.07
9844.96
9813.37
9877.83
9828.22
9885.18
9802.55
9158.29
7316.63
9783.32
9797.05
9797.88
9612.12
9686.64
9790.71
9828.55
9770.24
9761.10
9795.73
9793.99
9765.10
9815.57
9855.13
9718.09
8673.82
9559.95
9551.44
9552.20
9549.04
9403.24
9582.51
9550.95
9533.46
9557.83
6908.79
9350.63
9361.56
9099.40
8628.30
9349.01
9360.18
9351.73
8824.78
3616.72
