5241 613
8808 1065
6560 608
7075 506
9890 787
9065 531
9773 658
9045 641
7594 643
11410 640
9915 562
8923 391
10593 537
9970 558
8859 485
9376 626
8541 608
9455 489
7315 586
11504 657
8066 538
9980 670
9655 607
9973 524
9587 647
11667 658
11536 724
9976 549
11443 627
10839 797
11968 722
11762 872
11792 646
9412 546
10213 568
9405 551
8777 504
11842 843
10462 535
9559 501
10429 569
10352 619
10102 474
10063 507
10615 605
7571 497
10590 515
9735 529
8746 484
7987 404
8979 310
10836 139
10910 505
9242 584
11171 874
11385 710
8855 628
10326 604
8917 449
11016 713
6341 573
0 567
0 549
0 541
0 653
0 482
0 355
0 526
0 339
0 497
0 649
0 923
0 608
0 747
0 784
0 681
0 843
0 985
0 871
0 559
0 871
0 1018
0 1030
0 818
0 597
0 1042
