4745  0
12087  77
12108  214
12138  309
12117  689
12129  554
12126  443
12126  445
12120  505
12123  619
12117  647
12146  792
12125  634
12119  568
12117  745
12128  1091
12132  673
12127  375
12125  363
12119  656
12123  655
12134  496
12129  513
12129  446
12117  557
12122  479
12125  639
12127  111
12146  711
12140  338
12119  565
12114  397
12122  411
12126  173
12135  558
12264  260
12137  374
12135  369
12122  788
12126  209
12123  224
12125  413
12172  551
12129  264
12125  149
12119  448
12135  557
12129  411
12160  298
12134  677
12157  551
12163  468
12147  662
12138  576
12140  439
12154  233
12143  536
12143  885
12160  541
12146  492
12146  652
12153  648
12147  523
12163  433
12153  487
12159  656
12140  377
12162  507
12156  480
12150  413
12147  257
12153  596
12144  406
12146  272
12144  224
12144  298
12146  412
12151  477
12166  501
12150  576
12146  499
12146  452
12138  202
12147  276
12153  468
12151  470
12172  519
12137  387
12153  189
12168  165
12138  392
12166  263
12175  334
12150  267
12157  340
12150  322
12151  341
12168  309
12145  323
12146  487
12166  603
12162  535
12165  260
12159  440
12151  388
12147  513
12154  349
12156  612
12163  638
12169  579
12147  500
12146  578
12157  368
12150  500
12168  483
12168  694
12141  525
12151  430
12168  653
12137  367
12159  536
12150  255
12157  403
12160  320
12156  390
12154  383
12165  254
12138  226
12166  251
12135  131
12118  60
12141  245
12125  279
12126  260
12128  390
12125  50
12117  399
12120  411
12116  655
12126  465
12135  365
12129  351
12134  786
11906  442
12128  668
12128  519
12117  677
12120  383
12135  258
12128  454
12120  895
12128  582
12131  730
12117  338
12137  380
12131  344
12125  280
12131  587
12126  578
12125  212
12138  402
12116  720
12120  632
12123  456
12119  279
12128  281
12126  628
12119  501
12125  387
12131  480
12120  217
12116  443
12126  513
12119  538
12119  536
12125  536
12128  780
12132  481
12126  660
12126  229
12125  522
12117  856
12122  414
12126  495
12122  425
12132  587
12126  467
12126  267
12116  267
12132  461
12144  220
12156  455
12128  673
12120  507
12128  424
12137  425
12128  465
12137  609
12125  433
12143  186
12128  782
12126  601
12116  584
12123  355
12116  519
12120  569
12128  462
12188  392
12129  502
12140  631
12151  715
12190  486
12132  503
12140  362
12147  461
12166  354
12156  835
12159  476
12157  690
12148  776
12134  590
12126  513
12162  270
12147  572
12140  726
12151  272
12150  389
12156  341
12141  739
12160  359
12154  359
12157  284
12141  595
12157  554
12137  377
12141  423
12150  344
12144  0
12153  261
12146  603
12140  529
12138  414
12122  356
12135  406
12126  603
12134  679
12132  439
12125  592
12128  402
12117  416
12141  227
12153  341
12148  301
12135  201
12146  690
12144  922
12184  873
12150  282
12146  627
12137  289
12159  226
12174  108
12157  542
12156  461
12141  645
12148  239
12153  510
12157  394
12154  440
12156  381
12151  668
12141  371
12156  261
12149  236
12146  397
12144  396
12157  511
12157  508
12153  550
12138  221
12152  331
12131  387
12147  838
12128  739
12144  408
12148  508
12147  622
12160  280
12137  246
12165  443
12162  548
12157  607
12144  525
12151  680
12166  397
12163  542
12159  458
12160  653
12165  190
12144  469
12137  391
12188  600
12159  618
12147  501
12147  754
12171  613
12157  641
12129  520
12128  486
12165  378
12143  638
12144  495
12148  294
12172  349
12141  453
12147  437
12151  115
12141  177
12157  311
12154  143
12160  17
12178  0
12147  149
12143  495
12141  486
12148  497
12156  445
12163  597
12134  584
12157  499
12151  542
12174  578
12165  448
12140  570
12160  510
12126  684
12128  841
12137  813
12119  117
12128  347
12141  326
12134  242
12128  218
12138  337
12114  420
12144  434
12147  461
12141  195
12126  351
12126  360
12117  152
12135  228
12123  499
12134  133
12131  331
12122  453
12123  418
12117  331
12116  66
12133  260
12134  650
12128  613
12140  559
12168  331
12132  16
12119  154
12119  577
12126  559
12117  288
12119  190
12120  151
12136  282
12126  144
12122  192
12131  260
12135  357
12141  381
12156  96
12156  328
12128  464
12120  739
12119  206
12126  88
12132  340
12126  345
12133  143
12126  267
12130  150
12125  199
12114  240
12130  112
12144  343
12122  303
12132  374
12126  173
12143  334
12126  502
12131  473
12122  263
12125  538
12135  785
12128  516
12182  266
12115  340
12117  353
12123  295
12125  272
12138  579
12120  677
12147  593
12138  418
12162  600
12120  584
12140  436
12160  235
12156  356
12137  334
12150  291
12132  204
12147  370
12119  322
12134  360
12128  346
12124  381
12129  328
12135  252
12129  219
12141  254
12119  301
12137  340
12135  335
12146  118
6148  133
