1687  0
12135  0
12125  0
12132  0
12126  0
12125  0
12132  0
12128  0
12125  0
12131  0
12135  0
12144  0
12123  0
12132  0
12116  0
11693  0
10461  0
12134  0
12126  0
12132  0
12126  0
12146  0
12148  0
12141  0
12150  0
12138  0
12144  0
12137  0
12151  0
12151  0
12146  0
12140  0
12141  0
12137  0
12147  0
12143  0
12150  0
12157  0
12159  0
12151  0
12196  0
12144  0
12144  0
12150  0
12147  0
12137  0
12151  6
12140  11
12160  0
11780  0
12143  0
12146  0
12140  0
12140  0
12151  0
12157  0
12144  0
12151  0
12249  0
12137  0
12137  0
12163  0
10105  0
1325  0
9876  0
12166  0
12197  0
12165  0
10952  0
12144  0
12146  0
12150  0
12168  0
12151  0
12141  0
12140  0
12140  0
12138  0
12147  0
12148  0
12165  0
12280  0
12196  0
12156  0
12202  0
12135  0
12148  0
12177  0
12185  0
12228  0
12140  0
8283  0
