765
5970
7306
4987
8705
6817
4753
8690
8689
10028
10361
7434
7335
6210
4944
7777
11129
11120
8383
8507
8202
9967
7097
11180
6608
10846
9077
10614
8151
10110
11938
9723
11216
9506
9276
9039
9667
10307
10352
8669
11664
10565
8450
10556
9674
10712
10103
8547
9919
7869
9973
10264
9802
9584
10683
8736
10116
10561
11862
11009
9196
9765
11250
12756
10347
11084
10775
8837
8479
9534
9816
9094
9454
8317
10292
8684
8198
12076
10674
12971
10641
10443
9472
11560
12346
10588
10316
10507
11240
8241
8985
10156
8951
11008
11316
9326
7354
8646
3234
8175
7123
9826
10600
8759
8642
7699
10727
11854
9731
10982
8847
9416
9910
9560
12141
8313
8065
10154
7010
0
0
0
0
0
