10527
8940
11841
12672
13010
12977
12708
12357
11720
11787
11651
12095
12685
12490
12723
12325
12823
12816
12713
12753
12427
12688
12815
12655
12727
12874
11897
11199
11679
12769
11189
12700
12871
12754
12737
11858
12622
11625
12379
11703
12417
12654
11399
10969
12191
11268
12713
12608
12669
12769
11057
12733
12383
12452
12756
11705
11855
11158
12557
12615
10742
12226
12251
12772
12459
12709
11451
11326
10803
11157
12562
12559
11269
12224
12210
12767
12692
12471
11614
12486
12425
12342
12643
12234
12571
11941
11566
11022
12161
8694
