10502
12146
12309
12249
10039
12389
12362
12370
7879
7096
12385
11279
12414
12389
12267
12228
12143
12231
12310
12270
12247
12332
12315
12380
12271
12278
12256
12232
12339
12313
12266
12177
12209
12255
12286
12243
12287
12277
12245
12362
12320
12271
12214
12346
12350
11805
12334
12329
12383
12256
12218
12214
12220
12247
12282
12327
12315
12305
12221
12323
12282
12298
12293
12352
12467
12343
12315
12313
12463
12536
12409
12493
12423
12369
12401
12374
12396
12390
12394
12366
12395
12389
12441
12369
12387
12320
12333
12335
12289
5355
