4745
12164
12322
12447
12806
12683
12569
12571
12625
12742
12764
12938
12759
12687
12862
13219
12805
12502
12488
12775
12778
12630
12642
12575
12674
12601
12764
12238
12857
12478
12684
12511
12533
12299
12693
12524
12511
12504
12910
12335
12347
12538
12723
12393
12274
12567
12692
12540
12458
12811
12708
12631
12809
12714
12579
12387
12679
13028
12701
12638
12798
12801
12670
12596
12640
12815
12517
12669
12636
12563
12404
12749
12550
12418
12368
12442
12558
12628
12667
12726
12645
12598
12340
12423
12621
12621
12691
12524
12342
12333
12530
12429
12509
12417
12497
12472
12492
12477
12468
12633
12769
12697
12425
12599
12539
12660
12503
12768
12801
12748
12647
12724
12525
12650
12651
12862
12666
12581
12821
12504
12695
12405
12560
12480
12546
12537
12419
12364
12417
12266
12178
12386
12404
12386
12518
12175
12516
12531
12771
12591
12500
12480
12920
12348
12796
12647
12794
12503
12393
12582
13015
12710
12861
12455
12517
12475
12405
12718
12704
12337
12540
12836
12752
12579
12398
12409
12754
12620
12512
12611
12337
12559
12639
12657
12655
12661
12908
12613
12786
12355
12647
12973
12536
12621
12547
12719
12593
12393
12383
12593
12364
12611
12801
12627
12552
12562
12593
12746
12558
12329
12910
12727
12700
12478
12635
12689
12590
12580
12631
12771
12866
12676
12635
12502
12608
12520
12991
12635
12847
12924
12724
12639
12432
12719
12866
12423
12539
12497
12880
12519
12513
12441
12736
12711
12514
12564
12494
12144
12414
12749
12669
12552
12478
12541
12729
12813
12571
12717
12530
12533
12368
12494
12449
12336
12836
13066
13057
12432
12773
12426
12385
12282
12699
12617
12786
12387
12663
12551
12594
12537
12819
12512
12417
12385
12543
12540
12668
12665
12703
12359
12483
12518
12985
12867
12552
12656
12769
12440
12383
12608
12710
12764
12669
12831
12563
12705
12617
12813
12355
12613
12528
12788
12777
12648
12901
12784
12798
12649
12614
12543
12781
12639
12442
12521
12594
12584
12266
12318
12468
12297
12177
12178
12296
12638
12627
12645
12601
12760
12718
12656
12693
12752
12613
12710
12670
12810
12969
12950
12236
12475
12467
12376
12346
12475
12534
12578
12608
12336
12477
12486
12269
12363
12622
12267
12462
12575
12541
12448
12182
12393
12784
12741
12699
12499
12148
12273
12696
12685
12405
12309
12271
12418
12270
12314
12391
12492
12522
12252
12484
12592
12859
12325
12214
12472
12471
12276
12393
12280
12324
12354
12242
12487
12425
12506
12299
12477
12628
12604
12385
12663
12920
12644
12448
12455
12470
12418
12397
12717
12797
12740
12556
12762
12704
12576
12395
12512
12471
12441
12336
12517
12441
12494
12474
12505
12457
12387
12348
12395
12420
12477
12470
12264
6281
