0
1290
786
755
541
746
452
758
737
751
774
415
624
878
674
859
884
477
924
788
897
957
1007
938
968
849
976
774
897
975
901
909
830
662
903
959
929
872
1066
1104
1061
795
1102
1051
1018
702
864
1172
760
956
816
631
706
795
851
663
403
909
622
752
825
1175
737
694
788
663
402
576
1005
832
762
694
449
496
844
451
689
595
604
593
486
303
618
442
452
365
873
345
597
575
640
487
297
8
36
29
35
82
30
76
115
79
143
384
462
399
733
786
385
681
706
833
796
932
721
789
594
801
789
792
842
725
758
672
998
962
739
796
