10527  0
8265  675
11342  499
12074  598
12142  868
12201  776
11860  848
11699  658
11092  628
11263  524
11031  620
11445  650
12093  592
11908  582
12142  581
11784  541
12148  675
12147  669
12159  554
12133  620
12024  403
12131  557
12128  687
11986  669
12126  601
12129  745
11362  535
10873  326
11196  483
12116  653
10623  566
12117  583
12092  779
12065  689
11967  770
11240  618
12063  559
11259  366
12030  349
11285  418
12064  353
12121  533
11107  292
10632  337
11896  295
10883  385
12111  602
12134  474
12096  573
12138  631
10621  436
12113  620
12012  371
12016  436
12195  561
11194  511
11311  544
10671  487
11982  575
12129  486
10327  415
11697  529
11747  504
12101  671
12006  453
12140  569
11375  76
11029  297
10382  421
10737  420
12077  485
12045  514
10885  384
11667  557
11852  358
12139  628
12153  539
12086  385
11128  486
12075  411
12063  362
12035  307
12113  530
11781  453
12113  458
11634  307
11299  267
10502  520
11601  560
8409  285
