7089.57
7391.45
7414.00
7414.63
7396.07
7426.49
7761.70
7677.20
7754.33
7017.79
6538.61
7008.79
7148.29
7182.40
7374.21
7287.41
7484.23
7574.38
7696.30
7375.73
6987.00
7139.48
7165.04
7392.35
5788.02
5177.00
5685.69
5874.51
5961.41
4852.83
3832.77
4197.66
4307.87
4995.18
5200.70
5504.14
5640.60
5880.73
4849.85
3757.45
4248.68
4707.08
5130.68
5494.42
3293.81
4076.47
4364.42
4684.19
5170.20
5349.21
5422.15
5837.80
6029.62
6116.98
6295.83
6527.74
6617.26
6707.68
6244.59
6347.40
6514.10
6685.21
6783.63
6113.11
5686.95
6108.33
6638.06
6782.88
6752.99
6827.19
6869.69
6892.99
6981.36
6876.65
6914.81
6974.58
7041.03
7138.49
7246.47
7368.64
7455.70
7451.51
7469.02
7492.73
7368.28
7456.70
7462.79
7449.79
7409.21
7455.79
7450.18
7463.38
7469.10
7378.36
7456.58
7468.67
7450.19
7444.20
7451.43
7462.66
7450.31
7407.98
7694.24
7456.46
7501.07
7392.28
7416.98
7450.25
6786.67
7422.50
7377.70
7377.65
7414.83
7373.54
7427.43
7371.87
7449.50
7367.67
7416.97
7389.89
7427.23
7389.84
7384.62
6224.40
7250.26
7312.61
7311.43
7251.12
7286.51
7281.93
7250.86
7305.67
7307.26
7243.21
7300.37
7305.14
7262.85
7281.49
7306.96
7256.50
7286.63
7300.11
7242.46
6510.70
7300.25
7275.21
7278.51
7264.03
6815.00
7215.02
7258.46
7218.44
7238.93
3228.94
