598
698
763
575
560
634
947
479
255
462
546
800
867
640
353
560
609
446
493
486
878
382
622
238
611
379
286
504
355
623
982
669
990
505
541
366
325
668
846
231
617
827
695
712
716
758
922
689
805
352
737
445
618
793
895
540
752
789
806
1011
861
458
438
612
311
585
639
1226
645
822
502
370
689
451
709
436
381
364
528
297
581
399
522
269
475
329
406
424
477
438
620
170
341
289
226
294
275
358
354
450
272
305
398
341
355
326
154
396
242
388
314
339
552
253
222
498
299
574
221
469
440
513
349
572
364
545
541
383
614
514
17
433
460
424
308
247
613
257
504
294
280
7
630
653
482
742
448
483
607
439
360
385
511
462
413
503
392
391
383
546
511
421
510
1089
632
502
327
532
438
394
407
407
712
716
327
545
557
528
543
401
453
526
496
288
401
399
356
355
267
477
682
621
349
457
665
576
565
352
452
266
340
437
370
182
215
317
69
107
156
112
238
464
312
462
348
274
646
216
596
795
385
380
359
368
336
330
247
322
389
360
283
465
492
478
554
289
550
379
259
474
441
486
641
602
776
530
678
414
633
311
529
485
445
309
810
282
508
792
478
590
225
492
628
729
560
315
624
963
671
1102
22
870
770
538
772
681
624
694
954
721
554
841
406
697
493
493
620
808
427
634
640
705
933
543
728
625
433
541
642
521
489
702
421
917
609
841
520
444
527
739
738
742
948
606
788
385
773
754
680
473
769
309
801
684
636
786
901
438
805
930
865
676
714
621
615
648
509
458
