0.00
3575.66
4150.33
4181.84
4339.94
4373.93
4340.73
4385.80
4483.12
4369.57
4375.48
4516.07
4505.47
4531.36
4522.45
4475.80
4540.32
4492.07
4545.29
4518.99
4523.43
4526.95
4546.91
4527.80
4528.48
4602.75
4480.00
4535.10
4541.25
4539.87
4524.34
4528.37
4541.20
4535.49
4518.11
4543.21
4540.75
4534.27
4531.07
4540.18
4537.75
4415.82
4522.72
4524.20
4509.45
4543.89
4531.63
4527.05
4535.69
4535.22
4535.11
4274.90
4541.00
4529.10
4528.63
4523.70
4540.64
4543.94
4536.78
4539.35
4523.07
4523.56
4545.42
4501.80
4516.32
4541.01
4555.99
4533.79
4533.95
4529.88
4527.43
4519.09
4519.12
4546.46
4507.50
4513.97
4531.37
4501.86
4537.22
4536.13
4530.65
4546.02
4533.36
4458.53
4510.62
4545.86
4548.21
4539.98
4533.71
4531.80
4520.25
4536.79
4532.09
4534.82
4526.47
4537.89
4531.24
4537.71
4530.53
4515.43
4535.90
4499.26
4535.42
4236.27
4543.00
4539.03
4540.17
4524.74
4533.47
4541.73
4541.54
4542.95
4504.72
4323.09
4539.19
4531.40
4522.21
4533.34
4533.85
4512.57
4533.83
4545.23
4540.45
4510.93
4522.19
4530.92
4537.10
4552.98
4508.83
4555.96
4536.44
4527.92
3923.61
3971.30
4537.74
4532.70
4525.93
4513.23
4527.14
4541.03
4529.80
4538.12
4535.99
10722.49
11493.84
11493.51
11493.74
7912.95
10222.35
11561.29
11426.22
11532.97
7965.46
9986.86
11575.45
11412.20
11541.52
8030.36
9196.59
11555.64
11432.63
11516.10
5670.99
9527.44
11532.97
11458.34
11535.73
4947.08
11119.12
11544.34
11530.22
11408.29
7078.57
11355.60
11493.33
11516.08
11469.93
7143.36
10726.85
11497.30
11495.32
3967.36
