316
648
746
502
825
751
759
665
751
911
1027
640
538
726
480
720
539
455
368
634
610
659
610
495
450
885
529
558
439
279
498
578
476
601
564
640
894
714
576
736
493
579
405
474
626
612
536
377
591
895
514
763
595
647
599
838
873
872
757
776
687
755
495
353
591
699
573
757
551
513
953
975
556
1060
587
798
415
618
758
541
586
969
502
678
538
697
593
625
474
693
610
431
675
632
567
612
909
739
944
458
653
489
443
576
551
796
473
421
298
286
387
480
413
381
347
133
279
233
322
263
275
396
316
542
328
374
446
636
608
631
684
668
585
780
1122
943
754
717
362
362
309
725
510
434
647
665
486
427
668
486
425
745
739
428
548
696
640
408
365
705
235
561
776
365
585
569
408
420
442
402
424
343
433
502
582
591
462
521
462
531
712
590
514
564
529
888
891
538
522
663
701
726
439
805
650
718
615
683
421
706
819
949
594
579
766
825
680
319
760
509
651
335
295
433
217
174
79
272
406
273
282
223
248
306
213
411
395
477
495
507
291
390
322
306
456
578
584
335
390
471
523
527
730
551
458
385
374
455
590
316
457
432
318
350
146
0
0
0
0
0
0
0
0
0
0
0
0
0
2
0
0
87
34
2
122
170
146
174
2
97
1
19
113
1
14
1
365
526
623
541
632
394
601
486
566
516
489
223
16
19
0
17
513
880
928
555
762
1028
635
609
622
813
600
671
489
842
618
421
796
1002
870
513
793
789
922
962
814
826
773
668
829
1051
746
634
629
408
830
1064
797
1002
828
417
289
588
817
816
634
598
652
601
853
715
492
788
468
594
252
529
658
518
483
520
416
694
563
590
655
381
354
556
502
373
350
329
847
738
485
367
652
459
740
421
737
463
654
572
575
688
674
776
684
487
428
380
300
314
297
619
328
700
203
297
462
502
399
351
715
403
559
476
264
418
689
434
211
619
248
443
411
304
600
524
430
729
568
578
427
368
674
563
768
564
639
628
272
238
426
643
483
597
627
624
375
334
464
724
739
568
431
593
635
374
406
334
398
284
371
300
238
2
293
636
325
565
568
523
257
366
467
657
480
871
673
449
547
828
825
634
745
715
574
