2217
12120
12150
12147
12144
12135
12141
12146
12153
12159
12156
12148
12150
12137
12156
12147
12182
12197
12151
12147
12165
12159
12151
12151
12134
12138
12159
12154
12128
12143
12154
12134
12157
12135
12132
12154
12129
12143
12154
12137
12153
12140
12150
12154
12123
12141
12141
12144
12162
12144
12148
12153
12157
12150
12163
12159
12193
12126
12132
12168
12137
12162
12140
12138
12117
12123
12182
12147
12156
12141
12147
12143
12151
12154
12153
12157
12154
12148
12143
12150
12147
12141
12138
12157
12172
12143
12123
12138
12128
12148
12149
12137
12205
12157
12140
12163
12143
12157
12147
12181
12206
12168
12175
12181
12148
12187
12177
12153
12209
12197
12137
12150
12157
12200
12151
12160
12151
12163
12140
12131
12151
12140
12143
12128
12185
12138
12123
12165
12140
12165
12137
12143
12129
12148
12137
12171
12147
12138
12154
12168
12128
12153
12146
12154
12148
12147
12120
12138
12131
12203
12150
12120
12123
12163
12125
12141
12153
12147
12143
12137
12163
12175
12147
12146
12159
12150
12162
12144
12171
12165
12162
12171
12137
12135
12144
12159
12160
12138
12156
12156
12148
12157
12154
12163
12137
12150
12138
12148
12159
12156
12147
12146
12169
12148
12157
12156
12156
12148
12132
12153
12132
12144
12131
12122
12131
12122
12132
12131
12128
12117
12123
12120
12131
12132
12148
12123
12126
12132
12163
12131
12129
12128
12134
12134
12126
12135
12126
12125
12128
12126
12114
12122
12135
12126
12138
12128
12129
12135
12122
12123
12135
12122
12117
12135
12129
12123
12122
12132
12134
12160
12141
12116
12126
12146
12138
12128
12131
12131
12119
12129
12129
12141
12148
12117
12150
12131
12159
12137
12128
12157
12151
12151
12132
12185
12165
12153
12169
12150
12146
12131
12163
12144
12153
12148
12148
12156
12172
12143
12135
12153
12148
12159
12157
12157
12162
12143
12138
12151
12150
12153
12147
12156
12140
12153
12150
12154
12143
12147
12150
12154
12153
12154
12178
12156
12128
12159
12148
12163
12163
12144
12156
12148
12165
12157
12162
12144
12171
12150
12156
12148
12165
12181
12154
12135
12134
12135
12134
12134
12116
12138
12125
12120
12134
12128
12117
12123
12134
12132
12135
12132
12177
12126
12120
12129
12137
12126
12131
12119
12123
12126
12123
12134
12116
12125
12120
12126
12141
12143
12131
12117
12132
12128
12193
12134
12134
12129
12135
12123
12120
12117
12140
12126
12128
12129
12126
12132
12132
12140
12119
12119
12141
12148
12137
12146
12126
12153
12128
12159
12132
12144
12143
12162
12135
12140
12141
12151
12151
12135
12141
12138
12134
12141
12146
12148
12143
12150
12163
12165
12147
12143
12137
12172
12143
12140
12159
12175
12150
12150
12144
12157
12140
12151
12156
12162
12148
12160
12153
12157
12204
12147
12139
120
