0.72
11726.94
11724.45
8668.51
7462.70
7483.29
7305.92
7279.64
7277.98
7231.51
7204.92
7279.27
7202.71
7090.78
7128.59
7082.66
7129.59
7128.75
7117.18
7128.84
7081.16
7118.57
7092.11
7091.35
7118.34
7091.63
7118.41
7091.34
7091.93
7091.10
7089.94
7275.33
6935.65
7092.10
7090.75
7118.10
7091.40
7091.55
7091.49
7118.31
7091.24
7091.34
7092.19
7210.80
7089.82
7153.84
7092.83
7089.77
7097.53
7118.74
7065.30
7116.92
7092.13
7366.67
7092.08
7092.31
7117.06
7092.29
7090.72
7092.33
7090.33
7128.78
7055.33
7127.79
7130.37
7090.14
7091.95
7090.43
7092.43
7117.52
7092.07
7091.34
7118.66
7118.56
7090.78
7128.84
7108.58
7128.66
7107.89
7091.39
7091.34
7119.06
7091.85
7091.23
7183.95
7117.96
7065.13
7091.58
7090.62
7091.02
7128.78
7118.99
7080.49
7091.11
7091.29
7167.94
7043.07
7117.15
7092.37
7090.71
7118.53
7092.29
7117.42
7117.17
7383.87
7091.63
7091.07
7091.55
7118.70
7091.51
7091.02
7090.57
7092.67
7117.25
7327.21
7090.44
7092.09
7118.25
7089.64
7092.64
7118.66
7116.86
7092.25
7090.64
7101.12
7187.42
7023.14
7091.05
7119.07
7089.51
7092.56
7091.54
7090.66
7386.61
7971.91
7092.52
7116.79
7093.02
7116.78
7118.89
7092.88
7089.87
7091.07
7091.77
1423.29
