3.80
11723.10
11723.67
11724.44
11697.98
11747.76
11723.17
11722.10
11722.56
11722.59
11724.69
11721.81
11725.06
11721.03
11722.74
11722.72
11724.62
11721.57
11724.44
11722.03
11724.55
11721.86
11722.77
11724.34
11722.96
11721.27
11722.23
11724.08
11722.89
11725.32
11723.18
11721.55
11724.37
11721.53
11724.92
11721.05
11721.45
11726.21
11722.87
11721.62
11722.73
11724.88
11723.49
11721.25
11720.82
11726.03
11722.04
11723.27
11724.56
11721.52
11724.96
11721.44
11722.87
11723.53
11724.04
11721.63
11723.90
11723.07
11723.72
11720.89
11724.32
11721.85
11723.20
11723.25
11724.89
11722.62
11722.06
11724.56
11722.64
11721.38
11723.46
11724.46
11723.14
11724.29
11719.75
11725.59
11722.63
11724.27
11722.56
11721.78
11723.35
11722.54
11723.39
11724.11
11721.49
11715.70
11731.02
11723.00
11721.62
3109.58
