1.35
11726.74
11724.66
11722.70
11721.82
11724.15
11723.25
11720.06
11725.19
11723.74
11722.42
11723.44
11722.25
11725.12
11722.58
11722.35
11723.28
11723.69
11721.15
11724.64
11722.70
11721.31
11723.61
11721.96
11723.89
11722.77
11722.66
11720.61
11724.38
11724.31
11721.71
11724.73
11721.48
11722.84
11724.04
11722.69
11722.22
11724.52
11722.49
11720.69
11723.43
11723.52
11724.84
11722.50
11720.03
11725.32
11722.06
11723.52
11722.47
11724.49
11722.84
11721.42
11724.55
11720.14
11723.75
11724.60
11722.10
11722.85
11724.42
11722.77
11721.40
11723.29
11724.17
11721.57
11721.29
11724.38
11723.82
11721.63
11722.91
11723.57
11724.54
11721.29
11723.94
11722.22
11723.74
11723.31
11722.93
11722.12
11722.79
11724.20
11723.44
11722.14
11722.86
11723.69
11721.57
11723.24
11723.75
11722.07
11724.10
3109.15
