7303
9776
8587
12127
12126
12147
12142
12126
12133
12139
12142
12139
12131
12122
12121
12127
12142
12132
12143
12131
12146
12136
12134
12144
12132
12142
12144
12141
12143
12136
12144
12145
12142
12143
12136
12130
12136
12126
12118
12120
12104
12122
12129
12138
12128
12133
12128
12143
12139
12134
12137
12134
12135
12145
12139
12134
12134
12127
12128
12138
12145
12139
12136
12152
12128
12138
12142
12133
12146
12145
12141
12134
12119
12127
12138
12140
12133
12134
12131
12134
12133
12138
12129
12123
12134
12123
12121
12124
12138
12142
12159
12142
12137
12130
12130
12147
12130
12127
12128
12139
12121
12120
12139
12145
12136
12141
12136
12135
12142
12135
12129
12146
12151
12131
12135
12136
12144
12139
12154
12150
12130
12153
12141
12127
12116
12126
12138
12134
12146
12130
12126
12127
12126
12142
12129
12145
12147
12137
12135
12141
12141
12104
12151
12134
12148
12125
12135
12123
12150
12134
12143
12141
12134
12124
12130
12135
12131
12145
12130
12124
12125
12134
12131
12125
12135
12118
12111
12111
12125
4341
