7302.41
4342.43
2556.04
7140.96
6495.33
7889.67
8104.95
8192.35
8073.46
6803.78
8308.07
8418.42
8373.62
8320.33
6663.49
8215.61
8296.02
7884.21
7876.35
8321.23
8306.45
8347.6
8353.69
8424.97
8070.51
8046.95
8275.01
8322.08
7902.36
7870.44
7936.93
8033.44
8194.07
8063.96
8298.15
8437.42
8490.77
7579.11
5819.92
6559.39
6753.97
6915.81
7151
7493.75
7676.25
7414.85
7834.89
8225.39
8354.41
7370.01
8417.27
7788.33
6793.04
8458.01
7732.17
8141.68
8199.6
8237.21
8193.66
7337.58
7783.12
7144.81
7263.58
8277.04
8291.79
8258
8303.72
7810.28
6617.1
7180.23
7680.27
8228.15
6821.27
7918.26
7585.23
8252.62
5025.67
6395.3
7141.57
7362.71
6714.94
7605.43
8007.71
7802.17
6607.86
7785.79
6847.13
3764.67
7278.95
7179.55
6013.29
6835.74
6255.7
6969.97
5262.45
4693.45
4340.37
5380.95
6613.65
6265.37
7887.19
8055.94
5488.72
7953.63
7791.18
8039.65
7667.44
8071.5
7721.9
6754.73
7878.07
8043.98
7952.57
7931.66
7716.27
7719.29
7948.07
7882.43
7855.59
7369.6
7853.14
7282.64
6635.18
6649.29
7856.97
7698.6
7917.66
3842.9
